600
MIXER1
1 
4
3
NON-NON-SF-Sig
4

"Output from Mixer1, SFS polarization - vertical, DM3 - open"
Mixer1 rotation axis - horizontal (when motor is down).
If SFS is used in your applications - proper wavelength separator should be mounted on Mixer2 to reflect SFS sidewards
1
795.000000
1
0.000000
18
1160	472.9	1	237.875
1180	476.8	1	238.458
1200	480	1	239
1220	483.2	1	239.583
1240	486.3	1	240.125
1260	489.3	1	240.625
1280	492.3	1	241.083
1300	495.2	1	241.5
1320	498.1	1	241.958
1340	500.9	1	242.375
1360	503.7	1	242.833
1380	506.4	1	243.250
1400	509	1	243.583
1420	511.7	1	243.917
1440	514.3	1	244.292
1460	516.8	1	244.667
1480	519.3	1	245.042
1500	521.7	1	245.333

NON-NON-SH-Idl
4

"Output from Mixer1, SHI polarization - vertical, DM3 - closed"
Mixer1 rotation axis - horizontal (when motor is down).
If SHI is used in your applications - proper wavelength separator should be mounted  on Mixer2 to reflect SHI sidewards
1
795.000000
1
0.000000
37
1600.100000	800.100000	1	125.120833	
1620.000000	810.000000	1	125.125000	
1640.000000	820.000000	1	125.062500	
1660.000000	830.000000	1	124.916667	
1680.000000	840.000000	1	124.791667	
1700.000000	850.000000	1	124.891667	
1720.000000	860.000000	1	124.562500	
1740.000000	870.000000	1	124.662500	
1760.000000	880.000000	1	124.270833	
1780.000000	890.000000	1	124.433333	
1800.000000	900.000000	1	124.229167	
1820.000000	910.000000	1	123.933333	
1840.000000	920.000000	1	123.833333	
1860.000000	930.000000	1	123.458333	
1880.000000	940.000000	1	123.433333	
1900.000000	950.000000	1	123.329167	
1920.000000	960.000000	1	122.979167	
1940.000000	970.000000	1	122.704167	
1960.000000	980.000000	1	122.541667	
1980.000000	990.000000	1	122.229167	
2000.000000	1000.000000	1	122.083333	
2020.000000	1010.000000	1	121.875000	
2040.000000	1020.000000	1	121.604167	
2060.000000	1030.000000	1	121.500000	
2080.000000	1040.000000	1	120.954167	
2100.000000	1050.000000	1	121.187500	
2120.000000	1060.000000	1	121.062500	
2140.000000	1070.000000	1	120.625000	
2160.000000	1080.000000	1	120.266667	
2180.000000	1090.000000	1	120.333333	
2200.000000	1100.000000	1	120.162500	
2220.000000	1110.000000	1	119.791667	
2240.000000	1120.000000	1	119.625000	
2260.000000	1130.000000	1	119.375000	
2280.000000	1140.000000	1	119.454167	
2300.000000	1150.000000	1	118.958333	
2319.900000	1159.900000	1	119.062500	
NON-NON-SF-Idl
4

"Output from Mixer1, SFI polarization - vertical, DM3 - open"
Mixer1 rotation axis - horizontal (when motor is down).
If SFI is used in your applications - proper wavelength separator should be mounted on Mixer2 to reflect SFI sidewards
1
795.000000
1
0.000000
17
1606.100000	532.100000	1	123.541667	
1623.000000	535.000000	1	123.625000	
1639.000000	536.000000	1	123.750000	
1649.000000	537.000000	1	123.750000	
1664.000000	538.000000	1	123.750000	
1680.000000	540.000000	1	124.000000	
1761.000000	549.000000	1	124.416667	
1779.000000	551.000000	1	124.458333	
1872.000000	560.000000	1	124.791667	
1918.000000	563.000000	1	124.958333	
1955.000000	567.000000	1	125.083333	
2082.000000	580.000000	1	125.375000	
2160.000000	586.000000	1	125.541667	
2206.000000	589.000000	1	125.583333	
2307.000000	598.000000	1	125.708333	
2343.000000	600.000000	1	125.833333	
2423.900000	605.900000	1	125.750000	
